[gd_scene load_steps=24 format=3 uid="uid://ckg2aocdpmkhb"]

[ext_resource type="Script" path="res://src/lvl.gd" id="1_xhs3s"]
[ext_resource type="PackedScene" uid="uid://qw8clvhat4hh" path="res://src/player.tscn" id="2_athnt"]
[ext_resource type="PackedScene" uid="uid://d2jdxkpge0x7" path="res://src/hex_tower_solid.tscn" id="5_sl5oh"]
[ext_resource type="PackedScene" uid="uid://d02otlg6wookw" path="res://lvl/camera_hint.tscn" id="6_5ctgg"]
[ext_resource type="PackedScene" uid="uid://bmnxe0b3m66do" path="res://src/wall_narrow.tscn" id="9_kd48g"]
[ext_resource type="PackedScene" uid="uid://b4202fgf5riut" path="res://src/end_goal.tscn" id="15_tcs2q"]
[ext_resource type="Script" path="res://src/resetter.gd" id="16_h50f7"]
[ext_resource type="Texture2D" uid="uid://bkh0fus1tfqfl" path="res://texture/pattern_25_light.png" id="17_dcwi4"]
[ext_resource type="Texture2D" uid="uid://bv6t8xvplealv" path="res://texture/pattern_80.png" id="18_bfsaj"]
[ext_resource type="Script" path="res://src/area_3d.gd" id="19_yvgxt"]
[ext_resource type="PackedScene" uid="uid://bubab0eq8muxf" path="res://src/windmiller.tscn" id="20_6pweg"]

[sub_resource type="ProceduralSkyMaterial" id="ProceduralSkyMaterial_cygyu"]
sky_top_color = Color(0.174092, 0.204825, 0.299035, 1)
sky_horizon_color = Color(0.166323, 0.113343, 0.213857, 1)
sky_energy_multiplier = 0.8
ground_bottom_color = Color(0.436127, 0.103508, 0.0849306, 1)
ground_horizon_color = Color(0.629777, 0.176987, 0.184934, 1)
ground_energy_multiplier = 2.0

[sub_resource type="Sky" id="Sky_wau4r"]
sky_material = SubResource("ProceduralSkyMaterial_cygyu")

[sub_resource type="Environment" id="Environment_8ddsa"]
background_mode = 2
sky = SubResource("Sky_wau4r")
tonemap_mode = 2
ssao_enabled = true
glow_enabled = true

[sub_resource type="PlaneMesh" id="PlaneMesh_015h3"]
size = Vector2(1500, 1500)
subdivide_width = 10
subdivide_depth = 10

[sub_resource type="StandardMaterial3D" id="StandardMaterial3D_m0wwk"]
transparency = 1
shading_mode = 0
albedo_color = Color(0.757699, 0.205067, 0.197193, 1)
albedo_texture = ExtResource("17_dcwi4")
detail_enabled = true
detail_blend_mode = 2
detail_uv_layer = 1
detail_albedo = ExtResource("18_bfsaj")
uv1_scale = Vector3(0.209487, 0.209487, 0.209487)
uv1_triplanar = true
uv1_world_triplanar = true
uv2_scale = Vector3(0.05, 0.05, 0.05)
uv2_triplanar = true
uv2_world_triplanar = true
distance_fade_mode = 1
distance_fade_min_distance = 270.0
distance_fade_max_distance = 100.0

[sub_resource type="BoxShape3D" id="BoxShape3D_cjyo1"]
size = Vector3(2000, 2, 2000)

[sub_resource type="Animation" id="Animation_32u8f"]
length = 0.001
tracks/0/type = "value"
tracks/0/imported = false
tracks/0/enabled = true
tracks/0/path = NodePath(".:surface_material_override/0:uv1_offset")
tracks/0/interp = 1
tracks/0/loop_wrap = true
tracks/0/keys = {
"times": PackedFloat32Array(0),
"transitions": PackedFloat32Array(1),
"update": 0,
"values": [Vector3(0, 0, 0)]
}

[sub_resource type="Animation" id="Animation_mk758"]
resource_name = "awve"
length = 5.0
loop_mode = 1
step = 0.1
tracks/0/type = "value"
tracks/0/imported = false
tracks/0/enabled = true
tracks/0/path = NodePath(".:surface_material_override/0:uv1_offset")
tracks/0/interp = 1
tracks/0/loop_wrap = true
tracks/0/keys = {
"times": PackedFloat32Array(0, 5),
"transitions": PackedFloat32Array(1, 1),
"update": 0,
"values": [Vector3(0, 0, 0), Vector3(-1, 0, -1)]
}

[sub_resource type="AnimationLibrary" id="AnimationLibrary_yaptc"]
_data = {
"RESET": SubResource("Animation_32u8f"),
"awve": SubResource("Animation_mk758")
}

[sub_resource type="Animation" id="Animation_pqvg7"]
length = 0.001
tracks/0/type = "value"
tracks/0/imported = false
tracks/0/enabled = true
tracks/0/path = NodePath(".:surface_material_override/0:uv2_offset")
tracks/0/interp = 1
tracks/0/loop_wrap = true
tracks/0/keys = {
"times": PackedFloat32Array(0),
"transitions": PackedFloat32Array(1),
"update": 0,
"values": [Vector3(0, 0, 0)]
}

[sub_resource type="Animation" id="Animation_xon5m"]
resource_name = "kljdflk"
length = 17.0
loop_mode = 1
step = 0.1
tracks/0/type = "value"
tracks/0/imported = false
tracks/0/enabled = true
tracks/0/path = NodePath(".:surface_material_override/0:uv2_offset")
tracks/0/interp = 1
tracks/0/loop_wrap = true
tracks/0/keys = {
"times": PackedFloat32Array(0, 17),
"transitions": PackedFloat32Array(1, 1),
"update": 0,
"values": [Vector3(0, 0, 0), Vector3(1, 0, -2)]
}

[sub_resource type="AnimationLibrary" id="AnimationLibrary_qhvk6"]
_data = {
"RESET": SubResource("Animation_pqvg7"),
"kljdflk": SubResource("Animation_xon5m")
}

[node name="LVL" type="Node3D"]
script = ExtResource("1_xhs3s")
next_level = "res://lvl/2.tscn"

[node name="Env" type="Node3D" parent="."]

[node name="WorldEnvironment" type="WorldEnvironment" parent="Env"]
environment = SubResource("Environment_8ddsa")

[node name="SkyLight" type="DirectionalLight3D" parent="Env"]
transform = Transform3D(-0.990263, -0.0518975, -0.129176, -0.128999, -0.00676062, 0.991622, -0.052336, 0.99863, 6.58686e-08, 6.60567, 0, -12.1725)
light_color = Color(0.603699, 0.748185, 0.802819, 1)
light_energy = 0.4
light_angular_distance = 8.0
shadow_enabled = true
sky_mode = 1

[node name="LavaSun" type="DirectionalLight3D" parent="Env"]
transform = Transform3D(1, 0, 0, 0, -0.707107, -0.707107, 0, 0.707107, -0.707107, 7.59926, 0, -6.16359)
light_color = Color(0.944696, 0.55355, 0.529143, 1)
light_energy = 0.8
shadow_enabled = true

[node name="LavaSun2" type="DirectionalLight3D" parent="Env"]
transform = Transform3D(-4.37114e-08, -0.707107, 0.707107, 0, -0.707107, -0.707107, 1, -3.09086e-08, 3.09086e-08, 7.59926, 0, -6.16359)
light_color = Color(0.944696, 0.55355, 0.529143, 1)
light_energy = 0.8
shadow_enabled = true

[node name="LavaSun3" type="DirectionalLight3D" parent="Env"]
transform = Transform3D(-1, 6.18173e-08, -6.18173e-08, 0, -0.707107, -0.707107, -8.74228e-08, -0.707107, 0.707107, 7.59926, 0, -6.16359)
light_color = Color(0.944696, 0.55355, 0.529143, 1)
light_energy = 0.8
shadow_enabled = true

[node name="LavaSun4" type="DirectionalLight3D" parent="Env"]
transform = Transform3D(-4.37114e-08, 0.707107, -0.707107, 0, -0.707107, -0.707107, -1, -3.09086e-08, 3.09086e-08, 7.59926, 0, -6.16359)
light_color = Color(0.944696, 0.55355, 0.529143, 1)
light_energy = 0.8
shadow_enabled = true

[node name="Player" parent="." instance=ExtResource("2_athnt")]
transform = Transform3D(0.683592, 0, -0.729864, 0, 1, 0, 0.729864, 0, 0.683592, 23.1287, -0.364, 14.0121)
cam = NodePath("../Camera3D")

[node name="Camera3D" type="Camera3D" parent="."]
transform = Transform3D(0.877582, -0.229849, 0.420736, 0, 0.877582, 0.479426, -0.479426, -0.420736, 0.770151, 28.7667, 6.57113, 23.3344)
current = true

[node name="LevelStuff" type="Node3D" parent="."]

[node name="HexTowerSolid" parent="LevelStuff" instance=ExtResource("5_sl5oh")]
transform = Transform3D(1, 0, 0, 0, 1, 0, 0, 0, 1, 25, 0, 12.7374)

[node name="HexTowerSolid2" parent="LevelStuff" instance=ExtResource("5_sl5oh")]
transform = Transform3D(1, 0, 0, 0, 1, 0, 0, 0, 1, 25.3485, 0, 1.86725)

[node name="HexTowerSolid3" parent="LevelStuff" instance=ExtResource("5_sl5oh")]
transform = Transform3D(1, 0, 0, 0, 1, 0, 0, 0, 1, 37.5167, 0, -0.881523)

[node name="HexTowerSolid4" parent="LevelStuff" instance=ExtResource("5_sl5oh")]
transform = Transform3D(1, 0, 0, 0, 1, 0, 0, 0, 1, 47.8098, 0, 4.59259)

[node name="HexTowerSolid5" parent="LevelStuff" instance=ExtResource("5_sl5oh")]
transform = Transform3D(1, 0, 0, 0, 1, 0, 0, 0, 1, 54.7279, 0, 15.1766)

[node name="HexTowerSolid6" parent="LevelStuff" instance=ExtResource("5_sl5oh")]
transform = Transform3D(1, 0, 0, 0, 1, 0, 0, 0, 1, 74.6401, -2.6943, 26.241)

[node name="HexTowerSolid10" parent="LevelStuff" instance=ExtResource("5_sl5oh")]
transform = Transform3D(1, 0, 0, 0, 1, 0, 0, 0, 1, 76.9576, 1.16046, 35.7447)

[node name="HexTowerSolid8" parent="LevelStuff" instance=ExtResource("5_sl5oh")]
transform = Transform3D(1, 0, 0, 0, 1, 0, 0, 0, 1, 71.734, -7.16257, 44.1745)

[node name="HexTowerSolid9" parent="LevelStuff" instance=ExtResource("5_sl5oh")]
transform = Transform3D(1, 0, 0, 0, 1, 0, 0, 0, 1, 71.734, 7.05846, 44.1745)

[node name="HexTowerSolid13" parent="LevelStuff" instance=ExtResource("5_sl5oh")]
transform = Transform3D(1, 0, 0, 0, 1, 0, 0, 0, 1, 80.3039, -11.2063, 44.4531)

[node name="HexTowerSolid14" parent="LevelStuff" instance=ExtResource("5_sl5oh")]
transform = Transform3D(1, 0, 0, 0, 1, 0, 0, 0, 1, 80.3039, 3.01475, 44.4531)

[node name="HexTowerSolid11" parent="LevelStuff" instance=ExtResource("5_sl5oh")]
transform = Transform3D(1, 0, 0, 0, 1, 0, 0, 0, 1, 62.1531, -3.88941, 40.876)

[node name="HexTowerSolid12" parent="LevelStuff" instance=ExtResource("5_sl5oh")]
transform = Transform3D(1, 0, 0, 0, 1, 0, 0, 0, 1, 62.1531, 10.3316, 40.876)

[node name="HexTowerSolid7" parent="LevelStuff" instance=ExtResource("5_sl5oh")]
transform = Transform3D(-0.0877644, 0, -0.996141, 0, 1, 0, 0.996141, 0, -0.0877644, 68.1063, -1.77581, 32.1114)

[node name="WallNarrow" parent="LevelStuff" instance=ExtResource("9_kd48g")]
transform = Transform3D(0.728981, 0, 0.684534, 0, 1, 0, -0.684534, 0, 0.728981, 64.6345, -1, 26.0153)

[node name="EndGoal" parent="LevelStuff" instance=ExtResource("15_tcs2q")]
transform = Transform3D(-0.0910502, 0, -0.995847, 0, 1, 0, 0.995847, 0, -0.0910502, 68.1224, 12.2472, 32.036)

[node name="Node3D" parent="LevelStuff" instance=ExtResource("6_5ctgg")]
transform = Transform3D(1.54971, 0, -3.38345, 0, 3.72147, 0, 3.38345, 0, 1.54971, 50.235, -11.9519, -37.3333)

[node name="Resetter" type="Node" parent="."]
script = ExtResource("16_h50f7")

[node name="MeshInstance3D" type="MeshInstance3D" parent="."]
transform = Transform3D(1, 0, 0, 0, 1, 0, 0, 0, 1, 0, -13.5886, 0)
mesh = SubResource("PlaneMesh_015h3")
surface_material_override/0 = SubResource("StandardMaterial3D_m0wwk")

[node name="Area3D" type="Area3D" parent="MeshInstance3D"]
collision_layer = 0
collision_mask = 2
monitorable = false
script = ExtResource("19_yvgxt")

[node name="CollisionShape3D" type="CollisionShape3D" parent="MeshInstance3D/Area3D"]
transform = Transform3D(1, 0, 0, 0, 1, 0, 0, 0, 1, 0, -2, 0)
shape = SubResource("BoxShape3D_cjyo1")

[node name="AnimationPlayer" type="AnimationPlayer" parent="MeshInstance3D"]
libraries = {
"": SubResource("AnimationLibrary_yaptc")
}
autoplay = "awve"

[node name="AnimationPlayer2" type="AnimationPlayer" parent="MeshInstance3D"]
libraries = {
"": SubResource("AnimationLibrary_qhvk6")
}
autoplay = "kljdflk"

[node name="Windmiller" parent="." instance=ExtResource("20_6pweg")]
transform = Transform3D(0.676645, 0, 0.73631, 0, 1, 0, -0.73631, 0, 0.676645, -5.10144, -15.7495, 91.3754)
spin_speed = 10.0

[connection signal="body_entered" from="MeshInstance3D/Area3D" to="MeshInstance3D/Area3D" method="_on_body_entered"]
